ACCESSION: RIPPOS-LU-0009
RECORD_TITLE: Siomycin A; LC-ESI-QTOF; MS2
DATE: 2026.05.13
AUTHORS: Joëlle Mérgola-Greef (ORCID:0000-0002-7894-3039)
LICENSE: CC BY-SA

CH$NAME: Siomycin A
CH$COMPOUND_CLASS: Natural Product; RiPP; Thiopeptide
CH$FORMULA: C71H81N19O18S5
CH$EXACT_MASS: 1647.4610
CH$SMILES: O=C(C(NC(C1=CSC([C@]2(CCC(C3=NC(C(NC(C(NC(C(N)=O)=C)=O)=C)=O)=CS3)=N[C@@H]2C4=CSC(C(NC(C5=CSC(C(NC6=O)[C@@](C)([C@H](O)C)O)=N5)=O)[C@H](OC(C7=NC8=C(C([C@H](O)C)=C7)C=C[C@@H](N[C@H](C(NC(C(NC(C(N[C@]9(C)[H])=O)=C)=O)=C)=O)C(C)C)[C@@H]8O)=O)C)=N4)NC9=O)=N1)=O)C(O)C)N/C(C%10=N[C@@H]6CS%10)=C\C

AC$INSTRUMENT: Bruker micrOTOF-Q III
AC$INSTRUMENT_TYPE: LC-ESI-QTOF
AC$MASS_SPECTROMETRY: MS_TYPE MS2
AC$MASS_SPECTROMETRY: ION_MODE POSITIVE
AC$MASS_SPECTROMETRY: COLLISION_ENERGY Not reported
AC$MASS_SPECTROMETRY: IONIZATION ESI
MS$FOCUSED_ION: PRECURSOR_TYPE [M+H]+

COMMENT: Publication DOI: 10.1021/acs.jnatprod.0c00807

PK$SPLASH: splash10-0a43edd607-1c4bb9b757-0243df7f9f
PK$NUM_PEAK: 425
PK$PEAK: m/z int. rel.int.
  141.0405 53.0000 8
  165.0670 353.0000 50
  169.0407 139.0000 20
  177.1607 58.0000 8
  182.0849 54.0000 8
  186.0704 74.0000 10
  188.0664 665.0000 94
  189.0696 106.0000 15
  193.0570 373.0000 53
  194.0659 101.0000 14
  199.0845 52.0000 7
  206.0766 874.0000 124
  207.0801 166.0000 24
  211.0576 58.0000 8
  212.1369 62.0000 9
  216.0639 796.0000 113
  217.0641 95.0000 13
  221.0957 79.0000 11
  226.0609 215.0000 30
  233.0750 53.0000 8
  233.8445 68.0000 10
  234.0745 7055.0000 999
  235.0769 966.0000 137
  236.0699 107.0000 15
  237.0448 88.0000 12
  238.1195 219.0000 31
  239.0508 57.0000 8
  239.1193 84.0000 12
  241.1311 114.0000 16
  243.1460 428.0000 61
  244.1449 99.0000 14
  247.0719 74.0000 10
  248.0311 72.0000 10
  250.0579 72.0000 10
  251.1067 78.0000 11
  259.1320 128.0000 18
  260.0721 66.0000 9
  269.1286 376.0000 53
  270.1378 74.0000 10
  274.0415 74.0000 10
  275.0442 110.0000 16
  279.0277 78.0000 11
  287.1377 2911.0000 412
  288.1412 495.0000 70
  289.1559 79.0000 11
  303.0456 110.0000 16
  304.0530 78.0000 11
  305.1479 3963.0000 561
  306.0550 59.0000 8
  306.1520 514.0000 73
  307.1482 117.0000 17
  308.0563 193.0000 27
  309.0470 81.0000 11
  317.0539 83.0000 12
  318.0562 70.0000 10
  319.0543 80.0000 11
  320.0539 55.0000 8
  321.0701 56.0000 8
  325.0322 67.0000 9
  326.0747 84.0000 12
  327.0408 127.0000 18
  331.0669 79.0000 11
  333.0747 110.0000 16
  333.5365 57.0000 8
  334.0582 87.0000 12
  336.0570 128.0000 18
  339.0401 77.0000 11
  340.0641 63.0000 9
  340.1754 55.0000 8
  341.0540 106.0000 15
  342.0394 67.0000 9
  347.0385 55.0000 8
  348.0498 57.0000 8
  349.1807 51.0000 7
  353.0551 68.0000 10
  353.5579 57.0000 8
  356.1370 64.0000 9
  357.0711 58.0000 8
  360.0697 138.0000 20
  361.0592 176.0000 25
  362.0511 112.0000 16
  364.0606 58.0000 8
  365.0973 58.0000 8
  366.1412 53.0000 8
  374.0366 96.0000 14
  376.0353 95.0000 13
  377.0323 63.0000 9
  378.0709 288.0000 41
  379.0639 180.0000 25
  379.5292 66.0000 9
  380.0506 66.0000 9
  382.0674 106.0000 15
  384.1512 288.0000 41
  385.0597 68.0000 10
  386.0705 77.0000 11
  386.5471 55.0000 8
  387.0654 112.0000 16
  388.0519 148.0000 21
  389.0435 106.0000 15
  390.0573 54.0000 8
  394.0325 58.0000 8
  396.0694 68.0000 10
  397.0545 53.0000 8
  399.0999 99.0000 14
  399.5516 63.0000 9
  401.0927 94.0000 13
  401.5536 114.0000 16
  402.1648 752.0000 106
  403.0544 70.0000 10
  403.1660 186.0000 26
  404.0668 71.0000 10
  404.1666 88.0000 12
  405.0829 57.0000 8
  407.0618 73.0000 10
  407.5722 98.0000 14
  410.0475 128.0000 18
  411.0563 83.0000 12
  412.0521 111.0000 16
  413.0537 65.0000 9
  414.0568 75.0000 11
  415.0653 81.0000 11
  416.0882 83.0000 12
  417.0646 79.0000 11
  418.0806 65.0000 9
  420.0818 82.0000 12
  421.0615 99.0000 14
  422.0856 70.0000 10
  424.0978 62.0000 9
  427.0425 69.0000 10
  428.0664 56.0000 8
  430.0608 500.0000 71
  431.0723 303.0000 43
  432.0769 82.0000 12
  433.0638 99.0000 14
  435.0802 73.0000 10
  436.0726 62.0000 9
  438.0554 50.0000 7
  440.0582 83.0000 12
  442.0522 113.0000 16
  443.0644 84.0000 12
  444.0838 85.0000 12
  444.5746 95.0000 13
  445.0852 148.0000 21
  445.5706 87.0000 12
  446.5797 81.0000 11
  447.0818 86.0000 12
  449.0840 112.0000 16
  450.0473 58.0000 8
  450.5674 57.0000 8
  451.1014 119.0000 17
  454.0831 80.0000 11
  454.1677 112.0000 16
  455.0656 52.0000 7
  457.0609 183.0000 26
  458.0661 145.0000 21
  459.0686 1254.0000 178
  460.0705 523.0000 74
  461.0759 171.0000 24
  462.0651 101.0000 14
  463.1068 63.0000 9
  465.5800 74.0000 10
  468.0722 93.0000 13
  469.0807 108.0000 15
  470.0991 64.0000 9
  471.1878 57.0000 8
  473.1153 53.0000 8
  474.0751 61.0000 9
  475.6037 50.0000 7
  476.1111 87.0000 12
  477.0892 62.0000 9
  479.0683 58.0000 8
  481.0819 84.0000 12
  482.1119 76.0000 11
  483.0603 75.0000 11
  484.1243 73.0000 10
  485.0765 159.0000 23
  488.1013 63.0000 9
  488.5836 71.0000 10
  490.1051 73.0000 10
  493.0494 60.0000 8
  494.0818 154.0000 22
  495.0888 123.0000 17
  496.1249 97.0000 14
  497.0849 95.0000 13
  498.0948 116.0000 16
  500.0890 81.0000 11
  501.1125 133.0000 19
  502.0907 68.0000 10
  503.0935 107.0000 15
  505.0981 105.0000 15
  506.5982 82.0000 12
  508.1262 59.0000 8
  510.0911 64.0000 9
  511.0990 177.0000 25
  512.0918 107.0000 15
  513.1105 61.0000 9
  518.1555 56.0000 8
  521.0953 70.0000 10
  522.1072 66.0000 9
  523.6008 53.0000 8
  524.0689 122.0000 17
  525.1198 53.0000 8
  526.1271 52.0000 7
  527.0757 79.0000 11
  528.1309 172.0000 24
  529.1155 410.0000 58
  529.4731 51.0000 7
  530.0937 183.0000 26
  531.1074 66.0000 9
  531.6301 53.0000 8
  533.1049 54.0000 8
  534.1075 65.0000 9
  535.0697 57.0000 8
  537.1158 93.0000 13
  537.6326 87.0000 12
  538.0942 102.0000 14
  539.1209 55.0000 8
  541.1330 50.0000 7
  542.1204 64.0000 9
  543.1087 86.0000 12
  545.1152 89.0000 13
  547.1233 1377.0000 195
  548.1229 587.0000 83
  549.1169 492.0000 70
  550.1136 100.0000 14
  550.6132 150.0000 21
  551.1131 51.0000 7
  551.6103 54.0000 8
  552.1124 58.0000 8
  553.1064 60.0000 8
  554.1103 98.0000 14
  554.6198 62.0000 9
  555.1194 71.0000 10
  555.6369 234.0000 33
  556.1064 93.0000 13
  558.1113 51.0000 7
  558.6121 118.0000 17
  559.1249 147.0000 21
  561.1177 69.0000 10
  561.6341 62.0000 9
  563.1159 107.0000 15
  563.6154 137.0000 19
  564.1367 260.0000 37
  565.0959 70.0000 10
  566.0992 65.0000 9
  567.1320 130.0000 18
  567.6442 148.0000 21
  568.1302 80.0000 11
  568.6328 114.0000 16
  571.1119 70.0000 10
  571.6251 115.0000 16
  572.1346 205.0000 29
  572.6069 127.0000 18
  573.1239 109.0000 15
  574.1187 50.0000 7
  575.0946 72.0000 10
  576.0939 81.0000 11
  579.1204 65.0000 9
  579.6332 156.0000 22
  581.1332 438.0000 62
  581.6239 262.0000 37
  582.1244 191.0000 27
  582.6204 105.0000 15
  583.1125 99.0000 14
  584.1191 140.0000 20
  584.6362 132.0000 19
  585.1042 79.0000 11
  585.6182 76.0000 11
  589.6298 94.0000 13
  590.1054 64.0000 9
  590.6389 71.0000 10
  593.1215 136.0000 19
  593.6403 184.0000 26
  594.1325 194.0000 27
  594.6318 81.0000 11
  595.1160 68.0000 10
  597.1235 81.0000 11
  598.1409 77.0000 11
  598.6237 195.0000 28
  599.1540 83.0000 12
  601.6613 86.0000 12
  602.1555 112.0000 16
  602.6365 137.0000 19
  604.0909 148.0000 21
  605.1282 52.0000 7
  606.6514 102.0000 14
  607.1351 352.0000 50
  607.6343 233.0000 33
  608.1451 127.0000 18
  609.1131 115.0000 16
  610.6375 81.0000 11
  611.1331 52.0000 7
  612.7281 50.0000 7
  613.1381 54.0000 8
  615.1124 68.0000 10
  615.6420 258.0000 37
  616.1521 164.0000 23
  616.6344 97.0000 14
  617.1324 105.0000 15
  618.6567 78.0000 11
  619.1099 51.0000 7
  620.1279 58.0000 8
  621.1111 81.0000 11
  624.1570 127.0000 18
  627.6375 107.0000 15
  628.6399 56.0000 8
  629.1226 80.0000 11
  630.1052 57.0000 8
  633.1354 55.0000 8
  634.1354 78.0000 11
  636.6616 91.0000 13
  641.6425 179.0000 25
  642.1499 124.0000 18
  642.6613 97.0000 14
  648.1135 51.0000 7
  650.1467 160.0000 23
  656.1720 51.0000 7
  657.1823 88.0000 12
  660.0237 59.0000 8
  666.6825 105.0000 15
  667.0825 67.0000 9
  668.1251 77.0000 11
  680.1023 71.0000 10
  683.6869 70.0000 10
  685.1931 66.0000 9
  687.1161 64.0000 9
  689.1696 70.0000 10
  700.1792 51.0000 7
  701.1304 52.0000 7
  707.1457 75.0000 11
  714.1252 50.0000 7
  714.6889 77.0000 11
  715.1439 87.0000 12
  716.1871 62.0000 9
  717.0709 64.0000 9
  719.0995 65.0000 9
  719.1981 70.0000 10
  720.1824 59.0000 8
  720.3613 54.0000 8
  723.1276 53.0000 8
  724.1798 164.0000 23
  725.1860 108.0000 15
  730.0840 88.0000 12
  732.1639 104.0000 15
  733.2034 88.0000 12
  733.7068 119.0000 17
  741.1972 73.0000 10
  741.7013 71.0000 10
  742.2335 63.0000 9
  746.1990 70.0000 10
  747.1944 85.0000 12
  748.1862 79.0000 11
  749.1137 53.0000 8
  749.7085 58.0000 8
  750.1690 51.0000 7
  750.6913 60.0000 8
  751.1854 58.0000 8
  756.2028 71.0000 10
  758.1218 54.0000 8
  758.7343 78.0000 11
  759.1978 243.0000 34
  759.7317 90.0000 13
  760.1970 91.0000 13
  763.7134 100.0000 14
  765.1857 55.0000 8
  767.7060 193.0000 27
  768.2041 117.0000 17
  770.7111 55.0000 8
  771.0824 59.0000 8
  771.7385 51.0000 7
  772.7211 95.0000 13
  773.2058 65.0000 9
  777.1721 56.0000 8
  780.1915 186.0000 26
  781.1953 117.0000 17
  781.7130 87.0000 12
  782.2244 106.0000 15
  785.2073 78.0000 11
  794.2165 82.0000 12
  798.6914 61.0000 9
  802.2342 53.0000 8
  807.7213 67.0000 9
  812.1235 56.0000 8
  816.2073 82.0000 12
  816.7336 62.0000 9
  824.4982 73.0000 10
  843.1022 54.0000 8
  846.1188 71.0000 10
  853.1258 52.0000 7
  873.1376 77.0000 11
  883.1584 55.0000 8
  888.1401 66.0000 9
  908.7114 51.0000 7
  925.8718 54.0000 8
  935.1672 53.0000 8
  983.5726 52.0000 7
  987.1841 98.0000 14
  1004.1758 80.0000 11
  1009.7168 55.0000 8
  1021.2045 84.0000 12
  1022.2091 98.0000 14
  1029.1840 57.0000 8
  1065.2233 53.0000 8
  1090.2102 69.0000 10
  1093.2264 61.0000 9
  1110.2264 78.0000 11
  1135.2468 52.0000 7
  1143.2520 84.0000 12
  1161.2538 68.0000 10
  1162.2632 125.0000 18
  1164.2456 63.0000 9
  1179.2991 65.0000 9
  1185.2090 54.0000 8
  1195.2391 103.0000 15
  1213.2606 192.0000 27
  1230.2904 211.0000 30
  1231.2860 102.0000 14
  1232.2723 54.0000 8
  1233.2992 50.0000 7
  1247.3110 113.0000 16
  1249.2787 74.0000 10
  1283.3627 55.0000 8
  1299.2922 122.0000 17
  1300.3301 97.0000 14
  1316.3248 61.0000 9
//