ACCESSION: RIPPOS-LU-0004
RECORD_TITLE: Biarylitide YFH; LC-ESI-QTOF; MS2
DATE: 2026.05.13
AUTHORS: Joëlle Mérgola-Greef (ORCID:0000-0002-7894-3039)
LICENSE: CC BY-SA

CH$NAME: Biarylitide YFH
CH$COMPOUND_CLASS: Natural Product; RiPP; Biarylitide
CH$FORMULA: C26H27N5O6
CH$EXACT_MASS: 505.1961
CH$SMILES: OC(C(CC1=CN=C2N1)NC(C(CC3=CC=CC=C3)NC(C(CC4=CC=C(O)C2=C4)NC(C)=O)=O)=O)=O
CH$IUPAC: InChI=1S/C26H27N5O6/c1-14(32)28-19-11-16-7-8-22(33)18(9-16)23-27-13-17(29-23)12-21(26(36)37)31-25(35)20(30-24(19)34)10-15-5-3-2-4-6-15/h2-9,13,19-21,33H,10-12H2,1H3,(H,27,29)(H,28,32)(H,30,34)(H,31,35)(H,36,37)

SP$SCIENTIFIC_NAME: Planomonospora sp.
SP$LINEAGE: strain: ID107089
SP$SAMPLE: Soil

AC$INSTRUMENT: Bruker micrOTOF-Q III
AC$INSTRUMENT_TYPE: LC-ESI-QTOF
AC$MASS_SPECTROMETRY: MS_TYPE MS2
AC$MASS_SPECTROMETRY: ION_MODE POSITIVE
AC$MASS_SPECTROMETRY: COLLISION_ENERGY Not reported
AC$MASS_SPECTROMETRY: IONIZATION ESI
MS$FOCUSED_ION: PRECURSOR_TYPE [M+H]+

COMMENT: Publication DOI: 10.1016/j.chembiol.2020.11.009
COMMENT: MiBIG BGC0002099
COMMENT: GenBank MW201789.1

PK$SPLASH: splash10-9879739f0d-f089748cbf-e64d523030
PK$NUM_PEAK: 95
PK$PEAK: m/z int. rel.int.
  199.0878 649.0000 51
  200.0910 265.0000 21
  211.0915 155.0000 12
  214.0944 738.0000 59
  215.0991 389.0000 31
  216.1086 351.0000 28
  226.0842 121.0000 10
  227.0959 146.0000 12
  228.1103 927.0000 74
  229.1128 172.0000 14
  230.1285 173.0000 14
  238.0877 129.0000 10
  239.0942 111.0000 9
  241.1177 340.0000 27
  242.1268 808.0000 64
  243.1216 3796.0000 301
  244.1136 745.0000 59
  245.1312 511.0000 41
  246.1278 114.0000 9
  252.1080 150.0000 12
  253.1009 179.0000 14
  254.1204 539.0000 43
  255.1232 389.0000 31
  256.1074 184.0000 15
  257.1104 333.0000 26
  258.1184 306.0000 24
  260.1045 1113.0000 88
  261.1061 423.0000 34
  262.1163 179.0000 14
  267.1197 143.0000 11
  269.1380 6622.0000 525
  270.1370 1860.0000 148
  271.1489 1206.0000 96
  272.1190 337.0000 27
  273.1025 250.0000 20
  274.1163 166.0000 13
  281.1339 272.0000 22
  285.1324 4965.0000 394
  286.1332 1073.0000 85
  287.1415 476.0000 38
  288.1368 121.0000 10
  289.1269 4857.0000 385
  290.1215 1289.0000 102
  291.1173 161.0000 13
  293.0994 100.0000 8
  297.1222 174.0000 14
  299.1128 398.0000 32
  300.1083 244.0000 19
  312.1464 158.0000 13
  313.1267 2636.0000 209
  314.1225 585.0000 46
  315.1441 5730.0000 454
  316.1467 1196.0000 95
  317.1410 143.0000 11
  325.1211 186.0000 15
  331.1368 4318.0000 342
  332.1378 983.0000 78
  333.1416 117.0000 9
  341.1234 262.0000 21
  345.1565 127.0000 10
  347.1428 111.0000 9
  358.1505 288.0000 23
  359.1338 6945.0000 551
  360.1369 1091.0000 87
  361.1371 138.0000 11
  369.1142 386.0000 31
  390.1913 431.0000 34
  391.1758 249.0000 20
  401.1499 101.0000 8
  402.1893 117.0000 9
  416.2044 135.0000 11
  418.1913 369.0000 29
  419.1806 336.0000 27
  420.1811 130.0000 10
  432.2003 2262.0000 179
  433.2018 569.0000 45
  434.2110 341.0000 27
  436.1939 614.0000 49
  437.1834 243.0000 19
  444.2081 149.0000 12
  446.1819 167.0000 13
  460.2005 1333.0000 106
  461.2014 464.0000 37
  462.2102 593.0000 47
  463.2073 178.0000 14
  464.1935 926.0000 73
  465.1846 290.0000 23
  478.2066 4635.0000 368
  479.2056 1295.0000 103
  480.2027 139.0000 11
  488.1935 494.0000 39
  489.1998 129.0000 10
  506.2001 12595.0000 999
  507.2021 3292.0000 261
  508.2094 617.0000 49
//