ACCESSION: RIPPOS-LU-0008
RECORD_TITLE: Siomycin A; LC-ESI-QTOF; MS2
DATE: 2026.05.13
AUTHORS: Joëlle Mérgola-Greef (ORCID:0000-0002-7894-3039)
LICENSE: CC BY-SA

CH$NAME: Siomycin A
CH$COMPOUND_CLASS: Natural Product; RiPP; Thiopeptide; Series b (Class II)
CH$FORMULA: C71H81N19O18S5
CH$EXACT_MASS: 1647.4610
CH$SMILES: O=C(C(NC(C1=CSC([C@]2(CCC(C3=NC(C(NC(C(NC(C(N)=O)=C)=O)=C)=O)=CS3)=N[C@@H]2C4=CSC(C(NC(C5=CSC(C(NC6=O)[C@@](C)([C@H](O)C)O)=N5)=O)[C@H](OC(C7=NC8=C(C([C@H](O)C)=C7)C=C[C@@H](N[C@H](C(NC(C(NC(C(N[C@]9(C)[H])=O)=C)=O)=C)=O)C(C)C)[C@@H]8O)=O)C)=N4)NC9=O)=N1)=O)C(O)C)N/C(C%10=N[C@@H]6CS%10)=C\C

SP$SCIENTIFIC_NAME: Streptomyces sioyaensis
SP$LINEAGE: strain: ATCC 13989
SP$SAMPLE: Soil

AC$INSTRUMENT: Bruker micrOTOF-Q III
AC$INSTRUMENT_TYPE: LC-ESI-QTOF
AC$MASS_SPECTROMETRY: MS_TYPE MS2
AC$MASS_SPECTROMETRY: ION_MODE POSITIVE
AC$MASS_SPECTROMETRY: COLLISION_ENERGY Not reported
AC$MASS_SPECTROMETRY: IONIZATION ESI
MS$FOCUSED_ION: PRECURSOR_TYPE [M+H]+

COMMENT: Publication DOI: 10.1021/acs.jnatprod.0c00807
COMMENT: MiBIG BGC0000611
COMMENT: GenBank FJ436355.1

PK$SPLASH: splash10-e688434b5e-5d9168dd1f-b1a93f6e81
PK$NUM_PEAK: 386
PK$PEAK: m/z int. rel.int.
  172.0733 80.0000 14
  190.0803 201.0000 36
  193.0543 117.0000 21
  234.0711 493.0000 87
  238.1249 53.0000 9
  243.1466 568.0000 101
  244.1500 137.0000 24
  248.0816 51.0000 9
  254.1266 56.0000 10
  261.1564 313.0000 55
  271.1365 73.0000 13
  287.1354 325.0000 58
  305.1458 284.0000 50
  333.1284 64.0000 11
  335.0412 73.0000 13
  340.1617 218.0000 39
  356.1547 101.0000 18
  358.1774 58.0000 10
  360.0745 66.0000 12
  389.0460 51.0000 9
  396.1147 89.0000 16
  397.0907 59.0000 10
  402.1567 235.0000 42
  411.0665 52.0000 9
  414.1182 76.0000 13
  418.1233 57.0000 10
  427.1127 51.0000 9
  428.0434 53.0000 9
  430.0686 219.0000 39
  431.0603 63.0000 11
  440.0525 63.0000 11
  441.0685 124.0000 22
  453.1743 59.0000 10
  458.0587 66.0000 12
  459.0710 669.0000 118
  460.0666 253.0000 45
  461.0739 174.0000 31
  471.1642 73.0000 13
  474.1487 68.0000 12
  475.0701 52.0000 9
  476.0959 79.0000 14
  480.2074 53.0000 9
  487.0525 54.0000 10
  498.1036 59.0000 10
  499.0978 64.0000 11
  500.1062 51.0000 9
  502.1092 56.0000 10
  509.0782 63.0000 11
  511.1054 135.0000 24
  513.1194 78.0000 14
  516.1080 237.0000 42
  517.1221 69.0000 12
  518.1182 67.0000 12
  518.4550 53.0000 9
  519.1184 57.0000 10
  526.0824 134.0000 24
  527.0714 56.0000 10
  528.1047 73.0000 13
  529.1085 529.0000 94
  530.1047 156.0000 28
  531.1078 78.0000 14
  532.1027 56.0000 10
  537.1377 80.0000 14
  541.2303 72.0000 13
  542.2132 60.0000 11
  544.1051 204.0000 36
  545.1141 99.0000 18
  546.1219 67.0000 12
  547.1214 2792.0000 494
  547.6864 77.0000 14
  548.1206 1095.0000 194
  549.1240 472.0000 84
  550.1219 245.0000 43
  562.1202 54.0000 10
  564.1394 289.0000 51
  565.1484 224.0000 40
  566.1591 52.0000 9
  571.1315 50.0000 9
  590.1594 54.0000 10
  611.0729 63.0000 11
  616.1402 135.0000 24
  629.1857 65.0000 12
  643.1870 69.0000 12
  644.1437 61.0000 11
  647.1096 60.0000 11
  668.1694 60.0000 11
  680.1357 72.0000 13
  682.1178 66.0000 12
  685.1437 82.0000 15
  687.1609 73.0000 13
  688.1885 89.0000 16
  692.1331 84.0000 15
  693.1512 63.0000 11
  694.1458 52.0000 9
  713.1515 50.0000 9
  716.1938 54.0000 10
  729.1469 54.0000 10
  738.1375 52.0000 9
  739.1802 182.0000 32
  740.1656 65.0000 12
  741.1809 52.0000 9
  744.1926 56.0000 10
  751.1462 57.0000 10
  762.1788 97.0000 17
  763.1606 70.0000 12
  768.1707 72.0000 13
  771.1476 96.0000 17
  780.1770 652.0000 115
  781.1959 278.0000 49
  782.1877 253.0000 45
  788.1755 61.0000 11
  806.1299 51.0000 9
  826.1849 73.0000 13
  851.2609 141.0000 25
  852.2759 62.0000 11
  853.2509 91.0000 16
  863.1271 53.0000 9
  864.1040 63.0000 11
  872.1376 63.0000 11
  880.1488 52.0000 9
  897.1788 81.0000 14
  907.1521 54.0000 10
  908.1600 60.0000 11
  909.1830 69.0000 12
  916.1470 65.0000 12
  922.1584 57.0000 10
  926.1736 57.0000 10
  928.2352 53.0000 9
  930.2228 90.0000 16
  933.1486 116.0000 21
  934.1555 101.0000 18
  935.1495 114.0000 20
  936.1481 110.0000 19
  941.1289 58.0000 10
  942.1381 67.0000 12
  951.2213 82.0000 15
  953.1570 56.0000 10
  957.1741 51.0000 9
  958.1639 101.0000 18
  959.1579 71.0000 13
  960.1775 122.0000 22
  961.1698 58.0000 10
  965.2709 54.0000 10
  968.1339 67.0000 12
  969.1919 59.0000 10
  970.1974 83.0000 15
  974.1830 70.0000 12
  976.1463 79.0000 14
  977.1824 109.0000 19
  984.1517 102.0000 18
  985.1622 96.0000 17
  986.1595 153.0000 27
  987.1484 109.0000 19
  988.4258 65.0000 12
  989.1741 67.0000 12
  992.5131 50.0000 9
  994.2219 52.0000 9
  995.5911 57.0000 10
  996.2177 53.0000 9
  1001.2056 112.0000 20
  1002.1652 52.0000 9
  1003.1851 163.0000 29
  1004.1779 191.0000 34
  1005.1741 174.0000 31
  1006.1730 60.0000 11
  1007.2073 104.0000 18
  1011.1742 86.0000 15
  1012.8065 56.0000 10
  1014.1866 66.0000 12
  1017.2481 80.0000 14
  1018.1625 58.0000 10
  1019.1887 204.0000 36
  1020.1933 104.0000 18
  1021.1785 120.0000 21
  1022.1912 180.0000 32
  1023.2047 92.0000 16
  1026.1968 66.0000 12
  1028.1996 124.0000 22
  1029.2144 105.0000 19
  1030.1967 156.0000 28
  1031.1709 61.0000 11
  1038.1757 82.0000 15
  1040.1964 73.0000 13
  1045.1985 51.0000 9
  1046.2142 129.0000 23
  1047.2052 109.0000 19
  1048.2239 119.0000 21
  1052.2184 81.0000 14
  1054.1984 162.0000 29
  1055.1746 86.0000 15
  1056.1979 136.0000 24
  1057.1992 101.0000 18
  1058.2585 58.0000 10
  1062.2332 115.0000 20
  1063.2021 88.0000 16
  1064.2360 138.0000 24
  1065.2224 80.0000 14
  1066.2146 109.0000 19
  1070.1899 62.0000 11
  1071.2367 109.0000 19
  1072.2031 317.0000 56
  1073.2031 244.0000 43
  1074.2148 171.0000 30
  1075.2073 139.0000 25
  1078.3651 51.0000 9
  1082.2222 78.0000 14
  1083.2356 86.0000 15
  1085.2594 63.0000 11
  1088.2881 100.0000 18
  1089.2454 183.0000 32
  1090.2225 451.0000 80
  1091.2197 209.0000 37
  1092.2177 273.0000 48
  1093.2278 107.0000 19
  1094.2034 72.0000 13
  1097.2443 115.0000 20
  1098.2200 113.0000 20
  1099.2141 99.0000 18
  1100.2006 60.0000 11
  1101.1855 95.0000 17
  1102.1251 64.0000 11
  1107.2358 396.0000 70
  1107.4283 82.0000 15
  1108.2217 336.0000 59
  1109.2424 181.0000 32
  1110.2433 66.0000 12
  1112.2322 58.0000 10
  1115.2518 247.0000 44
  1116.2267 287.0000 51
  1117.2344 310.0000 55
  1118.2386 98.0000 17
  1120.2594 53.0000 9
  1121.2179 55.0000 10
  1124.2118 155.0000 27
  1125.2433 79.0000 14
  1126.2294 241.0000 43
  1127.2173 139.0000 25
  1128.2181 66.0000 12
  1131.2565 109.0000 19
  1133.2714 173.0000 31
  1134.2562 131.0000 23
  1141.2251 71.0000 13
  1142.2478 112.0000 20
  1143.2401 206.0000 36
  1144.2406 220.0000 39
  1145.2261 101.0000 18
  1146.2188 98.0000 17
  1151.2532 114.0000 20
  1158.2490 148.0000 26
  1159.2360 259.0000 46
  1160.2587 239.0000 42
  1161.2446 377.0000 67
  1162.2529 143.0000 25
  1163.2667 95.0000 17
  1164.2712 50.0000 9
  1166.2180 58.0000 10
  1167.2606 96.0000 17
  1168.2316 93.0000 16
  1169.2397 123.0000 22
  1170.2375 58.0000 10
  1176.6680 56.0000 10
  1177.2097 61.0000 11
  1178.2788 192.0000 34
  1179.2860 130.0000 23
  1180.2766 162.0000 29
  1181.2712 67.0000 12
  1183.2666 95.0000 17
  1184.2706 153.0000 27
  1185.2462 83.0000 15
  1186.2506 278.0000 49
  1187.2587 226.0000 40
  1190.2410 51.0000 9
  1192.2666 56.0000 10
  1193.2410 74.0000 13
  1194.2529 200.0000 35
  1195.2507 147.0000 26
  1196.2363 88.0000 16
  1200.2864 105.0000 19
  1201.2787 72.0000 13
  1202.2705 275.0000 49
  1203.2932 274.0000 48
  1204.2751 157.0000 28
  1204.5964 52.0000 9
  1205.2896 163.0000 29
  1206.2574 97.0000 17
  1210.2727 143.0000 25
  1211.2595 349.0000 62
  1212.2614 589.0000 104
  1212.5649 53.0000 9
  1213.2556 383.0000 68
  1214.2515 153.0000 27
  1215.2389 87.0000 15
  1219.2850 94.0000 17
  1221.2946 51.0000 9
  1227.2744 53.0000 9
  1228.2954 57.0000 10
  1229.2908 316.0000 56
  1230.2816 532.0000 94
  1231.2755 208.0000 37
  1232.2880 160.0000 28
  1233.2811 94.0000 17
  1244.2650 51.0000 9
  1247.3004 1175.0000 208
  1248.3087 859.0000 152
  1249.2930 473.0000 84
  1250.3049 235.0000 42
  1251.3130 58.0000 10
  1252.3123 58.0000 10
  1254.2654 96.0000 17
  1255.2767 80.0000 14
  1256.2849 108.0000 19
  1257.2452 69.0000 12
  1262.2660 66.0000 12
  1263.2688 120.0000 21
  1264.2869 97.0000 17
  1265.2496 81.0000 14
  1266.2660 66.0000 12
  1271.3121 90.0000 16
  1272.3179 198.0000 35
  1273.3058 64.0000 11
  1280.2723 51.0000 9
  1280.8365 66.0000 12
  1281.2990 355.0000 63
  1282.2802 200.0000 35
  1283.2970 165.0000 29
  1284.3127 79.0000 14
  1288.2775 62.0000 11
  1289.3186 52.0000 9
  1298.2880 101.0000 18
  1299.2880 389.0000 69
  1300.2931 264.0000 47
  1301.3047 213.0000 38
  1302.3085 92.0000 16
  1303.2797 90.0000 16
  1316.3134 266.0000 47
  1317.3320 184.0000 33
  1318.3163 209.0000 37
  1319.3195 59.0000 10
  1325.6376 50.0000 9
  1341.3624 65.0000 12
  1379.3225 62.0000 11
  1397.3678 83.0000 15
  1399.3440 57.0000 10
  1412.3931 70.0000 12
  1415.3936 92.0000 16
  1416.4277 56.0000 10
  1418.4166 56.0000 10
  1459.4022 55.0000 10
  1465.9677 58.0000 10
  1499.4558 69.0000 12
  1500.3741 51.0000 9
  1515.3646 64.0000 11
  1526.3501 54.0000 10
  1545.4181 60.0000 11
  1560.3754 71.0000 13
  1561.3900 58.0000 10
  1562.4154 84.0000 15
  1563.3989 89.0000 16
  1564.4237 79.0000 14
  1568.4357 76.0000 13
  1587.4619 111.0000 20
  1593.8394 55.0000 10
  1604.4391 76.0000 13
  1605.4296 62.0000 11
  1606.4365 102.0000 18
  1612.4163 123.0000 22
  1613.4346 100.0000 18
  1614.4281 78.0000 14
  1620.4354 137.0000 24
  1621.4429 107.0000 19
  1622.4529 77.0000 14
  1630.4419 204.0000 36
  1631.4312 282.0000 50
  1632.4207 157.0000 28
  1633.4130 166.0000 29
  1634.4485 108.0000 19
  1648.4482 5646.0000 999
  1649.4525 5121.0000 906
  1649.9067 107.0000 19
  1650.4514 3276.0000 580
  1650.8992 83.0000 15
  1651.4401 1598.0000 283
  1652.4432 667.0000 118
  1653.4423 178.0000 31
  1654.4111 69.0000 12
  1699.9380 52.0000 9
//