ACCESSION: RIPPOS-LU-0005
RECORD_TITLE: Biarylitide YFH; LC-ESI-QTOF; MS2
DATE: 2026.05.13
AUTHORS: Joëlle Mérgola-Greef (ORCID:0000-0002-7894-3039)
LICENSE: CC BY-SA

CH$NAME: Biarylitide YFH
CH$COMPOUND_CLASS: Natural Product; RiPP; Biarylitide
CH$FORMULA: C26H27N5O7
CH$EXACT_MASS: 521.1911
CH$SMILES: OC(C(CC1=CN=C2N1)NC(C(CC3=CC=C(O)C=C3)NC(C(CC4=CC=C(O)C2=C4)NC(C)=O)=O)=O)=O
CH$IUPAC: InChI=1S/C26H27N5O7/c1-13(32)28-19-10-15-4-7-22(34)18(8-15)23-27-12-16(29-23)11-21(26(37)38)31-25(36)20(30-24(19)35)9-14-2-5-17(33)6-3-14/h2-8,12,19-21,33-34H,9-11H2,1H3,(H,27,29)(H,28,32)(H,30,35)(H,31,36)(H,37,38)

AC$INSTRUMENT: Bruker micrOTOF-Q III
AC$INSTRUMENT_TYPE: LC-ESI-QTOF
AC$MASS_SPECTROMETRY: MS_TYPE MS2
AC$MASS_SPECTROMETRY: ION_MODE POSITIVE
AC$MASS_SPECTROMETRY: COLLISION_ENERGY Not reported
AC$MASS_SPECTROMETRY: IONIZATION ESI
MS$FOCUSED_ION: PRECURSOR_TYPE [M+H]+

COMMENT: Publication DOI: 10.1016/j.chembiol.2020.11.009
COMMENT: MiBIG BGC0002084
COMMENT: GenBank MW201788.1

PK$SPLASH: splash10-94def402de-de87606e67-d3553e674b
PK$NUM_PEAK: 85
PK$PEAK: m/z int. rel.int.
  198.0765 201.0000 20
  199.0850 572.0000 58
  200.0879 284.0000 29
  214.0946 583.0000 59
  215.0989 183.0000 19
  216.1066 335.0000 34
  226.0957 115.0000 12
  227.1003 132.0000 13
  228.1108 780.0000 79
  229.1127 151.0000 15
  241.1186 424.0000 43
  242.1246 553.0000 56
  243.1219 3068.0000 310
  244.1164 666.0000 67
  245.1375 462.0000 47
  252.1089 146.0000 15
  254.1179 308.0000 31
  255.1190 235.0000 24
  257.1122 279.0000 28
  258.1190 332.0000 34
  260.1006 1007.0000 102
  261.1125 309.0000 31
  267.1190 250.0000 25
  269.1389 6598.0000 667
  270.1339 1501.0000 152
  271.1508 1385.0000 140
  272.1382 147.0000 15
  273.1060 155.0000 16
  274.1130 154.0000 16
  281.1204 118.0000 12
  285.1329 3439.0000 348
  286.1295 908.0000 92
  287.1446 699.0000 71
  288.1463 162.0000 16
  289.1280 4132.0000 418
  290.1224 926.0000 94
  291.1234 124.0000 13
  297.1367 219.0000 22
  298.1178 113.0000 11
  299.1137 347.0000 35
  300.1039 137.0000 14
  312.1492 198.0000 20
  313.1289 2402.0000 243
  314.1295 539.0000 55
  315.1429 5197.0000 526
  316.1433 822.0000 83
  317.1371 131.0000 13
  318.1096 106.0000 11
  325.1224 170.0000 17
  331.1389 2943.0000 298
  332.1396 620.0000 63
  341.1196 260.0000 26
  358.1433 158.0000 16
  359.1330 4548.0000 460
  360.1347 798.0000 81
  361.1490 263.0000 27
  363.1710 109.0000 11
  369.1125 213.0000 22
  406.1811 550.0000 56
  407.1777 159.0000 16
  417.1535 103.0000 10
  434.1812 393.0000 40
  435.1671 316.0000 32
  448.1960 1412.0000 143
  449.1966 688.0000 70
  450.2154 236.0000 24
  451.2146 218.0000 22
  452.1933 540.0000 55
  453.1804 149.0000 15
  461.1866 100.0000 10
  462.1862 129.0000 13
  476.1900 968.0000 98
  477.1891 344.0000 35
  478.2086 359.0000 36
  479.2168 186.0000 19
  480.1871 545.0000 55
  481.1933 241.0000 24
  494.2014 3642.0000 368
  495.2038 1118.0000 113
  496.2111 175.0000 18
  504.1865 222.0000 22
  505.1870 160.0000 16
  522.1973 9878.0000 999
  523.2012 2775.0000 281
  524.2067 450.0000 46
//